fx = 333.9190
fy = 312.9898
u0 = 330.9576
v0 = 250.4098
