fx = 223.49
fy = 234.953
u0 = 290.8999
v0 = 206.1236

img size = 433 597
