width 1920
height 1440
fx = 1406.5 
fy = 1317

u0 = 775.2312
v0 = 953.3863


