VERTEX_SE3:QUAT 0 0.0 0.0 1.5 1.0 0.0 0.0 0.0 0.0 1.0 0.0 -1.0 0.0
VERTEX_SE3:QUAT 1 0.5 0.0 1.5 1.0 0.0 0.0 0.0 0.0 1.0 0.0 -1.0 0.0
VERTEX_SE3:QUAT 2 1.0 0.0 1.5 1.0 0.0 0.0 0.0 0.0 1.0 0.0 -1.0 0.0
VERTEX_SE3:QUAT 3 1.5 0.0 1.5 1.0 0.0 0.0 0.0 0.0 1.0 0.0 -1.0 0.0
EDGE_SE3:QUAT 0 1 0.5 0.0 0.0 0.9796266434991738 0.10553058725349238 -0.1708652524666011 -0.10669643917448468 0.9942888140925761 0.0023715054003333163 0.17013967560221746 0.015907524141467004 0.9852915515022244 100.0 0.0 0.0 0.0 0.0 0.0 100.0 0.0 0.0 0.0 0.0 100.0 0.0 0.0 0.0 100.0 0.0 0.0 100.0 0.0 100.0
EDGE_SE3:QUAT 1 2 0.5 0.0 0.0 0.980425127194045 0.07595499262359065 -0.18165188978397956 -0.07285482121493957 0.9970611944228964 0.02368859644906451 0.18291731736574243 -0.009990679233054911 0.9830775357702882 100.0 0.0 0.0 0.0 0.0 0.0 100.0 0.0 0.0 0.0 0.0 100.0 0.0 0.0 0.0 100.0 0.0 0.0 100.0 0.0 100.0
EDGE_SE3:QUAT 1 3 1.0 0.0 0.0 0.9724121258180541 0.0657331449714896 -0.22381646770103888 -0.06314927831079345 0.9978290540617927 0.018690840510098356 0.22455918197846875 -0.004041351544358689 0.9744520723292941 100.0 0.0 0.0 0.0 0.0 0.0 100.0 0.0 0.0 0.0 0.0 100.0 0.0 0.0 0.0 100.0 0.0 0.0 100.0 0.0 100.0
EDGE_SE3:QUAT 2 3 0.5 0.0 0.0 0.9968654677109127 0.009736926719818875 -0.07851389395232113 -0.009970965043926586 0.999946936129045 -0.002589359424340095 0.07848451529821826 0.003364102285679236 0.996909656726333 100.0 0.0 0.0 0.0 0.0 0.0 100.0 0.0 0.0 0.0 0.0 100.0 0.0 0.0 0.0 100.0 0.0 0.0 100.0 0.0 100.0
EDGE_SE3:QUAT 0 3 1.5 0.0 0.0 0.9220112697979412 0.16196299122750835 -0.3516577993422381 -0.15352179816669312 0.986778114916485 0.05196161477026282 0.35542407888781685 0.006077943279281094 0.9346853923926707 100.0 0.0 0.0 0.0 0.0 0.0 100.0 0.0 0.0 0.0 0.0 100.0 0.0 0.0 0.0 100.0 0.0 0.0 100.0 0.0 100.0
EDGE_SE3:QUAT 0 2 1.0 0.0 0.0 0.9344037835404662 0.17600331191666924 -0.3096972771911719 -0.17513156765468377 0.9840615556303502 0.030851073582425774 0.3101910754939199 0.025410409771172947 0.9503345767460986 100.0 0.0 0.0 0.0 0.0 0.0 100.0 0.0 0.0 0.0 0.0 100.0 0.0 0.0 0.0 100.0 0.0 0.0 100.0 0.0 100.0
