/* Format:
num_of_landmarks
x y z rotation */
6
1.510683433519604060e-02 9.144154123910337717e-02 1.257852689525643441e+00 9.935679400485678547e-01 4.624528567008168861e-02 -1.033640269191323513e-01 1.057001566463489084e-01 -5.129475824717381199e-02 9.930741788312197338e-01 4.062296631936028468e-02 -9.976122600137072860e-01 -5.585296122641652400e-02
1.564893165637863071e+00 -9.144154115790577297e-02 1.142147310426265161e+00 9.969716045043309771e-01 5.507775999240746567e-02 -5.490045688587460310e-02 5.186088724180901166e-02 5.517651835816530376e-02 9.971288784286423956e-01 5.794884111482635769e-02 -9.969563642286906058e-01 5.215304053800506184e-02
3.082660973968404772e+00 -9.326400133909253792e-03 1.303626310543352984e+00 9.949649184366765597e-01 4.147515012158198289e-02 -9.123937199855020053e-02 9.166794355248440718e-02 -8.547640713291558209e-03 9.957529442402339726e-01 4.051912147562101996e-02 -9.991029725511922921e-01 -1.230654436530214529e-02
4.535505535124560339e+00 -1.420866893452847057e-01 1.373217277309284112e+00 9.983572295313674072e-01 4.640740020627776019e-02 -3.360350351596402829e-02 3.250433191816697043e-02 2.424038319167275829e-02 9.991775979420651765e-01 4.718379646665439575e-02 -9.986284379231425978e-01 2.269212026625307133e-02
5.913692648440778576e+00 8.651992386388945855e-03 1.446032806597330689e+00 9.936474122728656821e-01 2.322885092222589862e-02 -1.101146700865542061e-01 1.100416936378766780e-01 4.400721607541428423e-03 9.939172296074962887e-01 2.357213916354150562e-02 -9.997204880036049124e-01 1.816623540723332495e-03
7.313216564715056656e+00 -6.042687717638161454e-02 1.565355285677037411e+00 9.965279362362345905e-01 3.968910448984736689e-02 -7.319048630487620666e-02 7.242774674709359650e-02 2.032864778192684102e-02 9.971664693422540582e-01 4.106450781257670046e-02 -9.990052657839949557e-01 1.738347301198730002e-02
