8->9
t: [array([-1.24211448]), array([0.03168497]), array([-2.82093023])]
R: array([[ 0.59717642,  0.02454348,  0.80173433],\n       [-0.02854972,  0.9995488 , -0.00933375],\n       [-0.80160167, -0.01731539,  0.59760768]])

R:\n[\n \t   0.598184    0.025366    0.800957;\n    \t -0.0299209    0.999509 -0.00930806;\n    \t    -0.8008  -0.0183974    0.598649\n  ]\n[-2.36902, 0.180154, 1.94036]';

0->1
Expected Pose1
R:\n[\n \t -0.661096  0.0193249   0.750053;\n    \t-0.0774007   0.992578 -0.0937945;\n    \t -0.746299  -0.120062  -0.654694\n  ]
\n[-0.944958, 0.407855, 5.17605]';

Actual Pose1
30 FPS
R:\n[\n \t -0.659723  0.0191673   0.751265;\n    \t-0.0778584   0.992552 -0.0936946;\n    \t -0.747465  -0.120305  -0.653317\n  ]
\n[-0.946778, 0.409942, 5.16104]';

15 FPS
R:\n[\n \t -0.659723  0.0191673   0.751265;\n    \t-0.0778583   0.992552 -0.0936946;\n    \t -0.747465  -0.120305  -0.653317\n  ]
\n[-0.946779, 0.409941, 5.16104]';

5 FPS
R:\n[\n \t -0.659723  0.0191676   0.751265;\n    \t-0.0778583   0.992552  -0.093695;\n    \t -0.747465  -0.120305  -0.653317\n  ]
\n[-0.946784, 0.409946, 5.16105]';

2 FPS

1101 - 30s
R:
[
 	 -0.343845  0.0768681   0.935875;
    	-0.0719647   0.991556  -0.107882;
    	 -0.936265  -0.104444  -0.335409
  ]
[-2.18452, 0.365463, 4.46998]';
R:
[
 	 -0.320338   0.091935   0.942832;
    	-0.0712105   0.990127  -0.120741;
    	 -0.944623  -0.105818  -0.310628
  ]
[-2.1872, 0.362101, 4.3731]';

1401 - 60s
R:
[
 	  0.308414  0.0991402   0.946072;
    	 -0.063629   0.994477 -0.0834699;
    	 -0.949122 -0.0344543   0.313019
  ]
[-3.30885, 0.245563, 3.36012]';
R:
[
 	   0.29929    0.10453   0.948419;
    	 -0.077006   0.993385 -0.0851854;
    	  -0.95105 -0.0475388    0.30536
  ]
[-3.36179, 0.255783, 3.35059]';

1701 - 90s
R:
[
 	   0.598184    0.025366    0.800957;
    	 -0.0299209    0.999509 -0.00930806;
    	    -0.8008  -0.0183974    0.598649
  ]
[-2.36902, 0.180154, 1.94036]';
R:
[
 	  0.600257  0.0333181   0.799113;
    	-0.0137419   0.999414 -0.0313472;
    	 -0.799689 0.00783498   0.600363
  ]
[-2.28832, 0.178058, 1.97821]';


