VERTEX_SE3:QUAT 0 0.0 0.0 0.9652 1.0 0.0 0.0 0.0 0.0 1.0 0.0 -1.0 0.0
VERTEX_SE3:QUAT 1 3.7592 1.75895 0.9652 1.0 0.0 0.0 0.0 0.0 1.0 0.0 -1.0 0.0
VERTEX_SE3:QUAT 2 0.0 0.0 0.9652 1.0 0.0 0.0 0.0 0.0 1.0 0.0 -1.0 0.0
VERTEX_SE3:QUAT 3 3.7592 0.0 0.9652 1.0 0.0 0.0 0.0 0.0 1.0 0.0 -1.0 0.0
VERTEX_SE3:QUAT 4 5.0 0.0 0.9652 1.0 0.0 0.0 0.0 0.0 1.0 0.0 -1.0 0.0
VERTEX_SE3:QUAT 5 0.0 1.75895 0.9652 1.0 0.0 0.0 0.0 0.0 1.0 0.0 -1.0 0.0
VERTEX_SE3:QUAT 6 3.7592 1.75895 0.9652 1.0 0.0 0.0 0.0 0.0 1.0 0.0 -1.0 0.0
VERTEX_SE3:QUAT 7 5.0 1.75895 0.9652 1.0 0.0 0.0 0.0 0.0 1.0 0.0 -1.0 0.0
VERTEX_SE3:QUAT 8 0.0 3.5179 0.9652 1.0 0.0 0.0 0.0 0.0 1.0 0.0 -1.0 0.0
VERTEX_SE3:QUAT 9 3.7592 3.5179 0.9652 1.0 0.0 0.0 0.0 0.0 1.0 0.0 -1.0 0.0
VERTEX_SE3:QUAT 10 5.0 3.5179 0.9652 1.0 0.0 0.0 0.0 0.0 1.0 0.0 -1.0 0.0
VERTEX_SE3:QUAT 11 0.0 5.27685 0.9652 1.0 0.0 0.0 0.0 0.0 1.0 0.0 -1.0 0.0
VERTEX_SE3:QUAT 12 3.7592 5.27685 0.9652 1.0 0.0 0.0 0.0 0.0 1.0 0.0 -1.0 0.0
VERTEX_SE3:QUAT 13 5.0 5.27685 0.9652 1.0 0.0 0.0 0.0 0.0 1.0 0.0 -1.0 0.0
EDGE_SE3:QUAT 5 9 3.7592 1.75895 0.0 0.9951913927414358 0.0012838573958165594 -0.09794102063766819 -0.006750629477236161 0.9984355297405031 -0.055506053304682765 0.09771653296664806 0.05590031003481516 0.9936431122505653 100.0 0.0 0.0 0.0 0.0 0.0 100.0 0.0 0.0 0.0 0.0 100.0 0.0 0.0 0.0 100.0 0.0 0.0 100.0 0.0 100.0
EDGE_SE3:QUAT 4 7 0.0 1.75895 0.0 0.986107452517639 -0.030802670599328705 -0.16322771692675672 0.042120132908921915 0.9969080679080691 0.06633399236843186 0.16067976379403512 -0.07228761736113369 0.9843558878187012 100.0 0.0 0.0 0.0 0.0 0.0 100.0 0.0 0.0 0.0 0.0 100.0 0.0 0.0 0.0 100.0 0.0 0.0 100.0 0.0 100.0
EDGE_SE3:QUAT 1 3 0.0 -1.75895 0.0 0.9869707787304614 0.03870548351817181 0.15617479783182459 -0.02734733922893043 0.9968659617988388 -0.07423191526543016 -0.1585585222221894 0.06899376604085868 0.9849360665942813 100.0 0.0 0.0 0.0 0.0 0.0 100.0 0.0 0.0 0.0 0.0 100.0 0.0 0.0 0.0 100.0 0.0 0.0 100.0 0.0 100.0
EDGE_SE3:QUAT 5 6 3.7592 0.0 0.0 0.9987268676292855 -0.003029830751118512 -0.05035339115705817 0.0034275566529591572 0.9999635942485953 0.00781421991125619 0.05032788224023399 -0.00797686047579655 0.9987008931437693 100.0 0.0 0.0 0.0 0.0 0.0 100.0 0.0 0.0 0.0 0.0 100.0 0.0 0.0 0.0 100.0 0.0 0.0 100.0 0.0 100.0
EDGE_SE3:QUAT 2 8 0.0 3.5179 0.0 -0.9729087114843877 0.03464563956997459 0.2285789114869871 0.04002270675820434 -0.9485393257847725 0.3141199299368247 0.22769897246482115 0.3147583630319558 0.9214555609685734 100.0 0.0 0.0 0.0 0.0 0.0 100.0 0.0 0.0 0.0 0.0 100.0 0.0 0.0 0.0 100.0 0.0 0.0 100.0 0.0 100.0
EDGE_SE3:QUAT 3 11 -3.7592 5.27685 0.0 -0.987762949880398 -0.016622013869124472 0.15507438053563014 0.11174259781885679 -0.7690691851185838 0.6293220005162146 0.10880232845058116 0.6389493697907309 0.7615154339655629 100.0 0.0 0.0 0.0 0.0 0.0 100.0 0.0 0.0 0.0 0.0 100.0 0.0 0.0 0.0 100.0 0.0 0.0 100.0 0.0 100.0
EDGE_SE3:QUAT 0 7 5.0 1.75895 0.0 0.9635786210654621 -0.06010479988103216 -0.26058329581314965 0.08501371344425938 0.9927142985427737 0.08538729410835325 0.2535525774903496 -0.10443052475205657 0.9616680071355238 100.0 0.0 0.0 0.0 0.0 0.0 100.0 0.0 0.0 0.0 0.0 100.0 0.0 0.0 0.0 100.0 0.0 0.0 100.0 0.0 100.0
EDGE_SE3:QUAT 4 6 -1.2408000000000001 1.75895 0.0 0.9971888918640339 -0.02307378589513588 -0.07128754693104117 0.02613272219637465 0.9987640034503186 0.042279383184941795 0.0702238903336116 -0.044023468926896694 0.9965593506711256 100.0 0.0 0.0 0.0 0.0 0.0 100.0 0.0 0.0 0.0 0.0 100.0 0.0 0.0 0.0 100.0 0.0 0.0 100.0 0.0 100.0
EDGE_SE3:QUAT 8 9 3.7592 0.0 0.0 0.9970327490229713 -0.012487727011234444 -0.07595889710751164 0.012432947611833368 0.9999219950142707 -0.0011940269518939872 0.07596788261744614 0.0002460909858655069 0.997110234753334 100.0 0.0 0.0 0.0 0.0 0.0 100.0 0.0 0.0 0.0 0.0 100.0 0.0 0.0 0.0 100.0 0.0 0.0 100.0 0.0 100.0
EDGE_SE3:QUAT 4 12 -1.2408000000000001 5.27685 0.0 -0.9879747251304812 -0.010418318342774194 0.15426406304209767 0.09166578323317971 -0.8429410803887606 0.5301393393979351 0.1245123555619902 0.5379050042860166 0.8337594855091394 100.0 0.0 0.0 0.0 0.0 0.0 100.0 0.0 0.0 0.0 0.0 100.0 0.0 0.0 0.0 100.0 0.0 0.0 100.0 0.0 100.0
EDGE_SE3:QUAT 1 6 0.0 0.0 0.0 1.0 0.0 -1.1102230246251565e-16 -5.551115123125783e-17 1.0 1.1102230246251565e-16 1.1102230246251565e-16 -5.551115123125783e-17 1.0 100.0 0.0 0.0 0.0 0.0 0.0 100.0 0.0 0.0 0.0 0.0 100.0 0.0 0.0 0.0 100.0 0.0 0.0 100.0 0.0 100.0
EDGE_SE3:QUAT 3 7 1.2408000000000001 1.75895 0.0 0.9720751479707953 -0.029703700885898895 -0.23278229496943711 0.042867470356598734 0.9977424376595975 0.051695339038546805 0.23072123153880458 -0.06023054247443926 0.9711539502419023 100.0 0.0 0.0 0.0 0.0 0.0 100.0 0.0 0.0 0.0 0.0 100.0 0.0 0.0 0.0 100.0 0.0 0.0 100.0 0.0 100.0
EDGE_SE3:QUAT 0 3 3.7592 0.0 0.0 0.997164356758372 -0.014828042452795592 -0.07377922992062536 0.014129591902879685 0.999850368414004 -0.009979750249291128 0.07391617037780357 0.008908980828256316 0.9972246636627481 100.0 0.0 0.0 0.0 0.0 0.0 100.0 0.0 0.0 0.0 0.0 100.0 0.0 0.0 0.0 100.0 0.0 0.0 100.0 0.0 100.0
EDGE_SE3:QUAT 1 11 -3.7592 3.5178999999999996 0.0 0.9921267299455747 0.004301290332378735 -0.12516409480748325 -0.014981588908808033 0.9963095910240982 -0.08451479649837196 0.12433866543142408 0.08572454569649299 0.9885298167196899 100.0 0.0 0.0 0.0 0.0 0.0 100.0 0.0 0.0 0.0 0.0 100.0 0.0 0.0 0.0 100.0 0.0 0.0 100.0 0.0 100.0
EDGE_SE3:QUAT 2 5 0.0 1.75895 0.0 -0.9771520076434047 0.054062633278692984 0.20555093198873425 0.054731886475071434 -0.8704887908947385 0.4891356514603038 0.20537374360259297 0.4892100741088532 0.8476409197467208 100.0 0.0 0.0 0.0 0.0 0.0 100.0 0.0 0.0 0.0 0.0 100.0 0.0 0.0 0.0 100.0 0.0 0.0 100.0 0.0 100.0
EDGE_SE3:QUAT 5 8 0.0 1.75895 0.0 -0.9208893005321872 0.0260537681657871 0.38895256436961906 0.05711906549009667 -0.9779769010314948 0.2007450955973072 0.38561678973156405 0.20708061766664057 0.8991202974374037 100.0 0.0 0.0 0.0 0.0 0.0 100.0 0.0 0.0 0.0 0.0 100.0 0.0 0.0 0.0 100.0 0.0 0.0 100.0 0.0 100.0
EDGE_SE3:QUAT 1 2 -3.7592 -1.75895 0.0 0.9638514206467564 0.05228931609798152 0.2612590024080218 -0.03507746301416369 0.9969217978818385 -0.07011776163378365 -0.26412120419557256 0.05841880116920827 0.9627186677135918 100.0 0.0 0.0 0.0 0.0 0.0 100.0 0.0 0.0 0.0 0.0 100.0 0.0 0.0 0.0 100.0 0.0 0.0 100.0 0.0 100.0
EDGE_SE3:QUAT 4 9 -1.2408000000000001 3.5179 0.0 0.8973793966832316 -0.04431746184964828 -0.4390286789990422 0.06422216534716019 0.9974669141682188 0.030582161759000234 0.4365612578854897 -0.055639174283382456 0.8979524210104353 100.0 0.0 0.0 0.0 0.0 0.0 100.0 0.0 0.0 0.0 0.0 100.0 0.0 0.0 0.0 100.0 0.0 0.0 100.0 0.0 100.0
EDGE_SE3:QUAT 2 9 3.7592 3.5179 0.0 0.9637543520808461 -0.05877069355065689 -0.26023749619300207 0.06389110498898254 0.9978934300052336 0.01125295764128803 0.2590279435669342 -0.02747194809190978 0.9654790606323479 100.0 0.0 0.0 0.0 0.0 0.0 100.0 0.0 0.0 0.0 0.0 100.0 0.0 0.0 0.0 100.0 0.0 0.0 100.0 0.0 100.0
EDGE_SE3:QUAT 12 13 1.2408000000000001 0.0 0.0 -0.9977925089243993 -0.025430324234091806 -0.06134661965993801 0.004494750229928207 -0.9475173376590365 0.31967278904514507 -0.06625636840880048 0.31869137648339385 0.9455400045478758 100.0 0.0 0.0 0.0 0.0 0.0 100.0 0.0 0.0 0.0 0.0 100.0 0.0 0.0 0.0 100.0 0.0 0.0 100.0 0.0 100.0
EDGE_SE3:QUAT 3 10 1.2408000000000001 3.5179 0.0 0.93107534988343 -0.05739979178395903 -0.3602831618915974 0.038896976184853854 0.9975349116094854 -0.058404840244033515 0.3627474577211034 0.0403653814971978 0.931012845181774 100.0 0.0 0.0 0.0 0.0 0.0 100.0 0.0 0.0 0.0 0.0 100.0 0.0 0.0 0.0 100.0 0.0 0.0 100.0 0.0 100.0
EDGE_SE3:QUAT 5 11 0.0 3.5178999999999996 0.0 0.9890571731702327 -0.007585697961810772 -0.14733758986402812 -0.007504275226494793 0.9947977942921032 -0.10159249147890809 0.14734175936859722 0.1015864442629984 0.9838549691332392 100.0 0.0 0.0 0.0 0.0 0.0 100.0 0.0 0.0 0.0 0.0 100.0 0.0 0.0 0.0 100.0 0.0 0.0 100.0 0.0 100.0
EDGE_SE3:QUAT 10 12 -1.2408000000000001 1.7589499999999996 0.0 0.9996878543298011 -0.005530510093475341 -0.024364058848728165 0.005373319768555332 0.9999643568808148 -0.0065124805261427 0.024399207776958032 0.006379531804490218 0.9996819395356769 100.0 0.0 0.0 0.0 0.0 0.0 100.0 0.0 0.0 0.0 0.0 100.0 0.0 0.0 0.0 100.0 0.0 0.0 100.0 0.0 100.0
EDGE_SE3:QUAT 4 13 0.0 5.27685 0.0 0.9942316876879649 -0.005843329915170628 -0.10709438217125639 0.0007999892330747549 0.9988910341392644 -0.04707506700386782 0.10725069330483405 0.04671784896261966 0.9931337932896747 100.0 0.0 0.0 0.0 0.0 0.0 100.0 0.0 0.0 0.0 0.0 100.0 0.0 0.0 0.0 100.0 0.0 0.0 100.0 0.0 100.0
EDGE_SE3:QUAT 1 5 -3.7592 0.0 0.0 0.9988886665296751 0.0036341327636700976 0.04699175414499118 -0.0029816841466006883 0.9998982906059865 -0.013946971100414676 -0.047037659786783204 0.013791356796267784 0.9987979060047638 100.0 0.0 0.0 0.0 0.0 0.0 100.0 0.0 0.0 0.0 0.0 100.0 0.0 0.0 0.0 100.0 0.0 0.0 100.0 0.0 100.0
EDGE_SE3:QUAT 0 11 0.0 5.27685 0.0 -0.8157654874420669 -0.2114952636486397 -0.5383274309865693 -0.11367541055794042 -0.8539648943012614 0.5077616176273263 -0.5671019048926663 0.4754089952401277 0.6725932773317627 100.0 0.0 0.0 0.0 0.0 0.0 100.0 0.0 0.0 0.0 0.0 100.0 0.0 0.0 0.0 100.0 0.0 0.0 100.0 0.0 100.0
EDGE_SE3:QUAT 9 11 -3.7592 1.7589499999999996 0.0 0.9985049433176713 0.009915520252228152 -0.05375463355192622 -0.01195289797137905 0.9992171072082526 -0.037713404678669835 0.053338601408923436 0.03829954465132669 0.9978417401969317 100.0 0.0 0.0 0.0 0.0 0.0 100.0 0.0 0.0 0.0 0.0 100.0 0.0 0.0 0.0 100.0 0.0 0.0 100.0 0.0 100.0
EDGE_SE3:QUAT 7 10 0.0 1.75895 0.0 0.9917061418532694 0.006925573335908375 -0.1283392560539143 -0.021517443490604367 0.9934002198571785 -0.11266322742287391 0.1267119877364879 0.1144903472860423 0.9853101199836474 100.0 0.0 0.0 0.0 0.0 0.0 100.0 0.0 0.0 0.0 0.0 100.0 0.0 0.0 0.0 100.0 0.0 0.0 100.0 0.0 100.0
EDGE_SE3:QUAT 0 4 5.0 0.0 0.0 0.9209199690457675 0.05433180494822266 0.38594619519281503 -0.05518586407145144 0.9984366593033307 -0.008874557222330298 -0.385825000511151 -0.013126017304321363 0.922478604982412 100.0 0.0 0.0 0.0 0.0 0.0 100.0 0.0 0.0 0.0 0.0 100.0 0.0 0.0 0.0 100.0 0.0 0.0 100.0 0.0 100.0
EDGE_SE3:QUAT 1 10 1.2408000000000001 1.75895 0.0 0.9837275772497741 -0.023192288257833857 -0.17816332822344494 0.006964199496933863 0.9958104279994883 -0.09117615594464604 0.17953148382291145 0.08845173402958942 0.9797676954582155 100.0 0.0 0.0 0.0 0.0 0.0 100.0 0.0 0.0 0.0 0.0 100.0 0.0 0.0 0.0 100.0 0.0 0.0 100.0 0.0 100.0
EDGE_SE3:QUAT 5 7 5.0 0.0 0.0 0.9835079558610106 0.02735111248536208 -0.1787848354976162 -0.01379724953275463 0.9969649421788666 0.07661944904278811 0.1803378403536747 -0.07288909871923518 0.9809003224713866 100.0 0.0 0.0 0.0 0.0 0.0 100.0 0.0 0.0 0.0 0.0 100.0 0.0 0.0 0.0 100.0 0.0 0.0 100.0 0.0 100.0
EDGE_SE3:QUAT 3 5 -3.7592 1.75895 0.0 0.9934079684724827 -0.02279153929578895 -0.11234390910015157 0.02481429423672918 0.999553588351161 0.016639555758815427 0.11191451638151168 -0.01931760209876497 0.9935300555455009 100.0 0.0 0.0 0.0 0.0 0.0 100.0 0.0 0.0 0.0 0.0 100.0 0.0 0.0 0.0 100.0 0.0 0.0 100.0 0.0 100.0
EDGE_SE3:QUAT 8 11 0.0 1.7589499999999996 0.0 -0.9268457371280814 0.07019901831284489 0.36882119976408334 0.059931201859173625 -0.9421043106229073 0.32992077677747034 0.37062815679764516 0.32788956331918717 0.8689782526940087 100.0 0.0 0.0 0.0 0.0 0.0 100.0 0.0 0.0 0.0 0.0 100.0 0.0 0.0 0.0 100.0 0.0 0.0 100.0 0.0 100.0
EDGE_SE3:QUAT 4 10 0.0 3.5179 0.0 0.9413121496765122 -0.04981530169229124 -0.3338410888262405 0.03803810294447367 0.9984047180502608 -0.041726750405047336 0.3353871488232217 0.026579215418923496 0.9417053709690435 100.0 0.0 0.0 0.0 0.0 0.0 100.0 0.0 0.0 0.0 0.0 100.0 0.0 0.0 0.0 100.0 0.0 0.0 100.0 0.0 100.0
EDGE_SE3:QUAT 2 6 3.7592 1.75895 0.0 0.9742169915049981 -0.04532577630891707 -0.22101318391658062 0.056376853043734326 0.9974417643251252 0.04394971240937248 0.2184557252713591 -0.05527658439136286 0.9742800394723218 100.0 0.0 0.0 0.0 0.0 0.0 100.0 0.0 0.0 0.0 0.0 100.0 0.0 0.0 0.0 100.0 0.0 0.0 100.0 0.0 100.0
EDGE_SE3:QUAT 3 6 0.0 1.75895 0.0 -0.9428802810156595 0.06156161558610538 0.3273941709289556 0.0528073484228954 -0.9427303352049013 0.3293492053079803 0.3289196856747435 0.32782568930894285 0.8856309376962528 100.0 0.0 0.0 0.0 0.0 0.0 100.0 0.0 0.0 0.0 0.0 100.0 0.0 0.0 0.0 100.0 0.0 0.0 100.0 0.0 100.0
EDGE_SE3:QUAT 3 13 1.2408000000000001 5.27685 0.0 -0.7830830138587141 -0.1991974839898819 -0.5891530834834459 -0.14875495398835895 -0.8598274712228847 0.4884349326106625 -0.6038650156035467 0.47012453892831546 0.6436846749982218 100.0 0.0 0.0 0.0 0.0 0.0 100.0 0.0 0.0 0.0 0.0 100.0 0.0 0.0 0.0 100.0 0.0 0.0 100.0 0.0 100.0
EDGE_SE3:QUAT 6 11 -3.7592 3.5178999999999996 0.0 0.9370535085252233 -0.037020841559492666 -0.3472177694917079 0.008364047771455645 0.9964583057072226 -0.08367130745941388 0.3490856125156788 0.07550034620660956 0.9340443955493953 100.0 0.0 0.0 0.0 0.0 0.0 100.0 0.0 0.0 0.0 0.0 100.0 0.0 0.0 0.0 100.0 0.0 0.0 100.0 0.0 100.0
EDGE_SE3:QUAT 1 13 1.2408000000000001 3.5178999999999996 0.0 0.9960055836604945 -0.01270584747835092 -0.0883823441473171 0.005534134963319719 0.9967051848063757 -0.08092062734739765 0.089119305805901 0.08010827685043172 0.9927942452052837 100.0 0.0 0.0 0.0 0.0 0.0 100.0 0.0 0.0 0.0 0.0 100.0 0.0 0.0 0.0 100.0 0.0 0.0 100.0 0.0 100.0
EDGE_SE3:QUAT 10 13 0.0 1.7589499999999996 0.0 -0.8346478026425456 0.09105753232904186 0.543204907332506 0.10109384728705173 -0.9441575650836881 0.31360249733690604 0.5414268921882923 0.31666230925291206 0.778833680777828 100.0 0.0 0.0 0.0 0.0 0.0 100.0 0.0 0.0 0.0 0.0 100.0 0.0 0.0 0.0 100.0 0.0 0.0 100.0 0.0 100.0
EDGE_SE3:QUAT 2 7 5.0 1.75895 0.0 0.96199707060597 -0.05035308978987831 -0.26837697832367274 0.06803427705759581 0.9960540440122572 0.0569884071726749 0.2644484321957363 -0.07308151445776621 0.9616268085664919 100.0 0.0 0.0 0.0 0.0 0.0 100.0 0.0 0.0 0.0 0.0 100.0 0.0 0.0 0.0 100.0 0.0 0.0 100.0 0.0 100.0
EDGE_SE3:QUAT 1 4 1.2408000000000001 -1.75895 0.0 0.9138474068651968 0.10109902251555622 0.39327077772465235 -0.07881922977148208 0.9942533362788881 -0.07244192374952518 -0.3983345904939519 0.03520356437494093 0.9165643802108582 100.0 0.0 0.0 0.0 0.0 0.0 100.0 0.0 0.0 0.0 0.0 100.0 0.0 0.0 0.0 100.0 0.0 0.0 100.0 0.0 100.0
EDGE_SE3:QUAT 6 7 1.2408000000000001 0.0 0.0 0.9995756484970786 -0.027293843505032 -0.01017688745970402 0.02767934105983469 0.9988206896654404 0.03988839398555802 0.009076178168040294 -0.040153156824545747 0.9991523142078415 100.0 0.0 0.0 0.0 0.0 0.0 100.0 0.0 0.0 0.0 0.0 100.0 0.0 0.0 0.0 100.0 0.0 0.0 100.0 0.0 100.0
EDGE_SE3:QUAT 9 10 1.2408000000000001 0.0 0.0 0.9875146024384743 -0.004829822265751932 -0.15745343053634378 -6.232808833277204e-05 0.9995178080238537 -0.031050725569624373 0.15752747724124644 0.030672858687640622 0.9870381297872624 100.0 0.0 0.0 0.0 0.0 0.0 100.0 0.0 0.0 0.0 0.0 100.0 0.0 0.0 0.0 100.0 0.0 0.0 100.0 0.0 100.0
EDGE_SE3:QUAT 3 9 0.0 3.5179 0.0 -0.9601937166591948 0.06469236947102566 0.2717405450432942 0.05477874497099921 -0.9103147231156891 0.4102759973215696 0.27391114542421324 0.4088300407394627 0.870534710509216 100.0 0.0 0.0 0.0 0.0 0.0 100.0 0.0 0.0 0.0 0.0 100.0 0.0 0.0 0.0 100.0 0.0 0.0 100.0 0.0 100.0
EDGE_SE3:QUAT 0 5 0.0 1.75895 0.0 -0.9848793025114714 0.0383615827135194 0.1689412574128399 0.027888516086580876 -0.9273494281661279 0.3731558236855541 0.17098242645080866 0.3722249683345672 0.9122574103800553 100.0 0.0 0.0 0.0 0.0 0.0 100.0 0.0 0.0 0.0 0.0 100.0 0.0 0.0 0.0 100.0 0.0 0.0 100.0 0.0 100.0
EDGE_SE3:QUAT 1 9 0.0 1.75895 0.0 0.9980901980607212 0.000715878643625184 -0.06176928081885344 -0.0035434592385520103 0.9989498805641929 -0.04567909825521552 0.06167171500562857 0.0458107371535596 0.9970446208318421 100.0 0.0 0.0 0.0 0.0 0.0 100.0 0.0 0.0 0.0 0.0 100.0 0.0 0.0 0.0 100.0 0.0 0.0 100.0 0.0 100.0
EDGE_SE3:QUAT 7 12 -1.2408000000000001 3.5178999999999996 0.0 -0.956232380423175 0.018111890129595912 0.2920472462910086 0.10336322614035168 -0.9128275634940075 0.3950466843392723 0.2737438183997701 0.4079433769060698 0.8710031705604672 100.0 0.0 0.0 0.0 0.0 0.0 100.0 0.0 0.0 0.0 0.0 100.0 0.0 0.0 0.0 100.0 0.0 0.0 100.0 0.0 100.0
EDGE_SE3:QUAT 2 4 5.0 0.0 0.0 0.9821809095680305 -0.01237312038855344 -0.1875301756303943 0.020075852624483984 0.9990284675635566 0.039231124620785665 0.18686257255404637 -0.042296889832019444 0.9814750898973553 100.0 0.0 0.0 0.0 0.0 0.0 100.0 0.0 0.0 0.0 0.0 100.0 0.0 0.0 0.0 100.0 0.0 0.0 100.0 0.0 100.0
EDGE_SE3:QUAT 6 12 0.0 3.5178999999999996 0.0 0.9976560964332407 0.020131677269297064 -0.06539899708644858 -0.02495677507015339 0.9969591877377456 -0.07382098186418536 0.06371399083157647 0.0752801006615923 0.9951248332830885 100.0 0.0 0.0 0.0 0.0 0.0 100.0 0.0 0.0 0.0 0.0 100.0 0.0 0.0 0.0 100.0 0.0 0.0 100.0 0.0 100.0
EDGE_SE3:QUAT 0 8 0.0 3.5179 0.0 0.9643104237183654 -0.035228109746971076 -0.2624202488219267 0.03939300245284103 0.9991672999286245 0.010625352280873052 0.26182742038575146 -0.02058365946564303 0.9648951833733783 100.0 0.0 0.0 0.0 0.0 0.0 100.0 0.0 0.0 0.0 0.0 100.0 0.0 0.0 0.0 100.0 0.0 0.0 100.0 0.0 100.0
EDGE_SE3:QUAT 11 12 3.7592 0.0 0.0 0.9976308906845359 -0.022623795702677814 -0.06496745200470028 0.02217297236451453 0.9997248654818908 -0.007651969271923251 0.06512269380563121 0.006193319402346369 0.9978580447870722 100.0 0.0 0.0 0.0 0.0 0.0 100.0 0.0 0.0 0.0 0.0 100.0 0.0 0.0 0.0 100.0 0.0 0.0 100.0 0.0 100.0
EDGE_SE3:QUAT 7 9 -1.2408000000000001 1.75895 0.0 -0.994829899567653 -0.050553552891167586 -0.08807842650895524 0.008208281242285415 -0.9044845079129641 0.42642748394597074 -0.1012229966226107 0.4234998385306936 0.9002231899474794 100.0 0.0 0.0 0.0 0.0 0.0 100.0 0.0 0.0 0.0 0.0 100.0 0.0 0.0 0.0 100.0 0.0 0.0 100.0 0.0 100.0
EDGE_SE3:QUAT 0 1 3.7592 1.75895 0.0 0.9732206301612248 -0.041502876962133804 -0.2260953697722581 0.05503299384945189 0.9970303200379709 0.05386938381815556 0.2231882044745073 -0.06486950075996849 0.9726145039297934 100.0 0.0 0.0 0.0 0.0 0.0 100.0 0.0 0.0 0.0 0.0 100.0 0.0 0.0 0.0 100.0 0.0 0.0 100.0 0.0 100.0
EDGE_SE3:QUAT 9 13 1.2408000000000001 1.7589499999999996 0.0 0.9967384396783671 -0.013271717419730142 -0.07960115818419597 0.007620505265550165 0.997455590044966 -0.0708821119010043 0.08033934756414367 0.07004432457222802 0.994303465662364 100.0 0.0 0.0 0.0 0.0 0.0 100.0 0.0 0.0 0.0 0.0 100.0 0.0 0.0 0.0 100.0 0.0 0.0 100.0 0.0 100.0
EDGE_SE3:QUAT 6 9 0.0 1.75895 0.0 -0.9701625024571718 0.016846750203413717 0.2418696050222593 0.043801448261326044 -0.9689906494152626 0.2431841986560725 0.23846624909250844 0.24652242971658694 0.939340481236905 100.0 0.0 0.0 0.0 0.0 0.0 100.0 0.0 0.0 0.0 0.0 100.0 0.0 0.0 0.0 100.0 0.0 0.0 100.0 0.0 100.0
EDGE_SE3:QUAT 3 12 0.0 5.27685 0.0 0.9192143555737949 -0.08993613630311269 -0.38334900533837274 0.07727103708084136 0.9958372966570047 -0.048345272936668154 0.38610122420875953 0.014817893701113083 0.9223373974261045 100.0 0.0 0.0 0.0 0.0 0.0 100.0 0.0 0.0 0.0 0.0 100.0 0.0 0.0 0.0 100.0 0.0 0.0 100.0 0.0 100.0
EDGE_SE3:QUAT 6 8 -3.7592 1.75895 0.0 0.9613442426616936 -0.03355799053746998 -0.27329674050800823 0.02085303726986313 0.9985682049314257 -0.04926145487754202 0.27455855101933374 0.04165814891611813 0.960667580743228 100.0 0.0 0.0 0.0 0.0 0.0 100.0 0.0 0.0 0.0 0.0 100.0 0.0 0.0 0.0 100.0 0.0 0.0 100.0 0.0 100.0
EDGE_SE3:QUAT 1 12 0.0 3.5178999999999996 0.0 0.9971608977710759 0.013998643652120113 -0.07398771473888545 -0.02092346415014873 0.9953839141093459 -0.09366467947052096 0.07233500262209963 0.09494683516715527 0.9928508175387689 100.0 0.0 0.0 0.0 0.0 0.0 100.0 0.0 0.0 0.0 0.0 100.0 0.0 0.0 0.0 100.0 0.0 0.0 100.0 0.0 100.0
EDGE_SE3:QUAT 8 12 3.7592 1.7589499999999996 0.0 0.9857164960247121 -0.03794092179805149 -0.16408374665967856 0.030072111482705697 0.9982874592089547 -0.05017785265534323 0.16570654053396697 0.04452679237541946 0.9851693799469312 100.0 0.0 0.0 0.0 0.0 0.0 100.0 0.0 0.0 0.0 0.0 100.0 0.0 0.0 0.0 100.0 0.0 0.0 100.0 0.0 100.0
EDGE_SE3:QUAT 6 10 1.2408000000000001 1.75895 0.0 0.9883829324774558 -0.021573537759991466 -0.15044521014569667 0.004765220520402319 0.9937865330954433 -0.11120080625396364 0.15190941860416865 0.10919207437656764 0.9823444505023099 100.0 0.0 0.0 0.0 0.0 0.0 100.0 0.0 0.0 0.0 0.0 100.0 0.0 0.0 0.0 100.0 0.0 0.0 100.0 0.0 100.0
EDGE_SE3:QUAT 7 13 0.0 3.5178999999999996 0.0 0.995692472370763 0.004810656330152756 -0.09259242976544821 -0.0146567147668865 0.994263026560206 -0.10595383300089802 0.09155152197772824 0.10685453477046801 0.9900507195202417 100.0 0.0 0.0 0.0 0.0 0.0 100.0 0.0 0.0 0.0 0.0 100.0 0.0 0.0 0.0 100.0 0.0 0.0 100.0 0.0 100.0
EDGE_SE3:QUAT 2 11 0.0 5.27685 0.0 0.9803375947816068 -0.04211024027924229 -0.1927820736516708 0.02625287283295566 0.9961127861446702 -0.08408391015597971 0.1955734821641993 0.07736953497809523 0.9776323276832876 100.0 0.0 0.0 0.0 0.0 0.0 100.0 0.0 0.0 0.0 0.0 100.0 0.0 0.0 0.0 100.0 0.0 0.0 100.0 0.0 100.0
EDGE_SE3:QUAT 0 2 0.0 0.0 0.0 1.0 -5.551115123125783e-17 1.1102230246251565e-16 -1.6653345369377348e-16 1.0 -1.1102230246251565e-16 -1.1102230246251565e-16 2.220446049250313e-16 0.9999999999999999 100.0 0.0 0.0 0.0 0.0 0.0 100.0 0.0 0.0 0.0 0.0 100.0 0.0 0.0 0.0 100.0 0.0 0.0 100.0 0.0 100.0
EDGE_SE3:QUAT 3 8 -3.7592 3.5179 0.0 0.921522962147288 -0.05436177250158106 -0.3844999712948939 0.06156809900744465 0.9980820628491335 0.006447092633729973 0.3834120491323888 -0.02961407620211648 0.9231024900144066 100.0 0.0 0.0 0.0 0.0 0.0 100.0 0.0 0.0 0.0 0.0 100.0 0.0 0.0 0.0 100.0 0.0 0.0 100.0 0.0 100.0
EDGE_SE3:QUAT 0 6 3.7592 1.75895 0.0 0.9695499094711472 -0.041262375837868556 -0.2413926042460806 0.06020251457307449 0.9956136688927828 0.07161759248209425 0.2373786643394245 -0.08396927208251101 0.967781241325933 100.0 0.0 0.0 0.0 0.0 0.0 100.0 0.0 0.0 0.0 0.0 100.0 0.0 0.0 0.0 100.0 0.0 0.0 100.0 0.0 100.0
EDGE_SE3:QUAT 1 8 -3.7592 1.75895 0.0 0.9995663839274811 0.02862566307202631 0.0069004011352133965 -0.028352407775245086 0.9989170789484284 -0.03688916315783691 -0.007948905301124631 0.036677524436991626 0.9992955389201368 100.0 0.0 0.0 0.0 0.0 0.0 100.0 0.0 0.0 0.0 0.0 100.0 0.0 0.0 0.0 100.0 0.0 0.0 100.0 0.0 100.0
EDGE_SE3:QUAT 6 13 1.2408000000000001 3.5178999999999996 0.0 0.9924096407517584 -0.019575072207479782 -0.12140807835987899 0.004228211434422605 0.9920975762493565 -0.12539745383467044 0.1229033244913757 0.12393230308609823 0.9846499667804511 100.0 0.0 0.0 0.0 0.0 0.0 100.0 0.0 0.0 0.0 0.0 100.0 0.0 0.0 0.0 100.0 0.0 0.0 100.0 0.0 100.0
EDGE_SE3:QUAT 1 7 1.2408000000000001 0.0 0.0 0.9991246664017764 -0.024904720586341425 -0.03361035376272299 0.024694682541146075 0.9996729216890677 -0.00664998464923423 0.03376497655457709 0.005814166677976508 0.9994128885621345 100.0 0.0 0.0 0.0 0.0 0.0 100.0 0.0 0.0 0.0 0.0 100.0 0.0 0.0 0.0 100.0 0.0 0.0 100.0 0.0 100.0
EDGE_SE3:QUAT 0 9 3.7592 3.5179 0.0 -0.8113038233939946 -0.10620397335083133 -0.5748972275031271 -0.11136752661048996 -0.9372785501251555 0.3303122666386274 -0.5739193150286441 0.3320084871201061 0.7485899974734301 100.0 0.0 0.0 0.0 0.0 0.0 100.0 0.0 0.0 0.0 0.0 100.0 0.0 0.0 0.0 100.0 0.0 0.0 100.0 0.0 100.0
EDGE_SE3:QUAT 2 3 3.7592 0.0 0.0 0.9971605186747985 -0.019788865328311117 -0.07265879716335266 0.020003673348300808 0.9997974199352022 0.002229830371923105 0.07259995212658023 -0.003676941654559913 0.9973543638302722 100.0 0.0 0.0 0.0 0.0 0.0 100.0 0.0 0.0 0.0 0.0 100.0 0.0 0.0 0.0 100.0 0.0 0.0 100.0 0.0 100.0
EDGE_SE3:QUAT 3 4 1.2408000000000001 0.0 0.0 0.9969911412225765 -0.013144146655433068 -0.07639303458041713 0.012001662595581199 0.9998094548413001 -0.0153952624168606 0.07658083584452556 0.01443209682071991 0.9969589210006152 100.0 0.0 0.0 0.0 0.0 0.0 100.0 0.0 0.0 0.0 0.0 100.0 0.0 0.0 0.0 100.0 0.0 0.0 100.0 0.0 100.0
EDGE_SE3:QUAT 5 12 3.7592 3.5178999999999996 0.0 0.9748338487600439 -0.012745828578935626 -0.22256799223050144 0.0009189471370114957 0.9985855213847116 -0.053161189010244025 0.22293075796722078 0.051618798268266416 0.9734666798701946 100.0 0.0 0.0 0.0 0.0 0.0 100.0 0.0 0.0 0.0 0.0 100.0 0.0 0.0 0.0 100.0 0.0 0.0 100.0 0.0 100.0
EDGE_SE3:QUAT 9 12 0.0 1.7589499999999996 0.0 0.9932814649451897 -0.019711894361436215 -0.11403233145481943 0.012733150223749282 0.9980192293362946 -0.061607505714548816 0.1150208602024765 0.05974160272098766 0.9915649966707227 100.0 0.0 0.0 0.0 0.0 0.0 100.0 0.0 0.0 0.0 0.0 100.0 0.0 0.0 0.0 100.0 0.0 0.0 100.0 0.0 100.0
